# Duplicate listings approved for removal on 2026-10-05 (dry run 37277453089: 195 live duplicates, every original row Synced; open-order SKUs excluded)
370126223769
839799381966
697782355772
114049879364
338522881747
117254514242
618503262711
399086597666
683196406377
274395686952
225163385096
408772600105
420617535441
847381183447
342007258177
805003133195
178472936636
189127633558
859236767429
148605840819
978762092307
206488431422
422915569616
753079746279
499085344435
973255148974
983277264606
781997266272
127591144828
180141421947
177724193681
370709123219
751765581524
886103695073
812573489713
456837717183
199159772248
404265746176
961234016147
179225769846
292325252121
137481098889
444898510782
339611945234
657493027108
314187056249
369296075698
452077900170
644787086217
631476162345
972398570918
930112871239
707486622459
345492723175
429437675047
917324556857
228499063331
895579475126
745108388857
281226334562
418365540008
479595176917
475508634314
811899186214
458082355288
464430521618
469402403831
818281364441
215972109860
167368231306
772744426346
109376993845
416091907355
229064325694
296677003202
397328509835
868373828146
998391229349
956408612416
868760385320
978623758830
385520822838
746190922431
666388051098
378135883387
465089823832
410336664904
245645846594
321594127493
708706266620
287162884802
424997866171
244002137375
189654538999
446560270512
388409815297
779608792814
732995658989
797294243618
111177039554
710535004144
208725790484
287486568846
277562593909
663001113546
467780266017
225004166938
863235801206
776333642353
481667021230
117068770193
831767272351
149733432471
622459226123
649007258191
187035384647
193064696934
124098715124
830547020892
129267523487
222272847248
383493373937
390722067925
679969006936
779053099568
219581735076
662252060036
378834622652
988663323622
127042820509
930604834575
253399060166
817411691808
405925006647
644537990092
319839126158
612043760096
311844393204
299210132087
129595797840
863552722260
808517961933
476188887137
745729349268
655928663754
867594465727
625614291769
812774125847
194763713151
944481989129
446553958267
752767377290
618066123566
802230785425
322223145246
406444216296
841212907073
421581902956
397235810826
150793425723
769721426284
117050654760
885076643937
648937883541
380817874934
228892281646
609904126016
331054028017
333325447855
252588370154
312139750719
825906270285
820917886159
478635585726
672912898633
692882353574
816153957982
174547790776
364630821016
764547608920
142659651988
378668235516
772128453432
238697695685
871613452902
683646399754
810780604301
682768430499
938370970862
401959943316
802495039899
633629456561
0050036409759kk
0050036409766kk
200EBYMAJEARBUDS-nad-40-23
